# Constellation figures and names. d3-celestial (BSD 3-Clause, (c) 2015 Olaf Frohn). J2000 degrees.
# L ra1 dec1 ra2 dec2   |   N ra dec name
L 30.9748 42.3297 17.4330 35.6206
L 17.4330 35.6206 9.8320 30.8610
L 9.8320 30.8610 2.0969 29.0904
L 14.3017 23.4176 11.8347 24.2672
L 11.8347 24.2672 9.6389 29.3118
L 9.6389 29.3118 9.8320 30.8610
L 9.8320 30.8610 9.2202 33.7193
L 9.2202 33.7193 354.5342 43.2681
L 354.5342 43.2681 345.4803 42.3260
L 354.5342 43.2681 355.1021 44.3339
L 355.1021 44.3339 354.3910 46.4582
L 17.4330 35.6206 14.1884 38.4993
L 14.1884 38.4993 12.4535 41.0789
L 12.4535 41.0789 17.3755 47.2418
L 17.3755 47.2418 24.4982 48.6282
L 355.1021 44.3339 356.5085 46.4203
L 142.3113 -35.9513 156.7879 -31.0678
L 156.7879 -31.0678 164.1794 -37.1378
L 221.9655 -79.0448 245.0867 -78.6957
L 245.0867 -78.6957 250.7694 -77.5174
L 250.7694 -77.5174 248.3628 -78.8971
L 311.9190 -9.4958 313.1635 -8.9833
L 313.1635 -8.9833 322.8897 -5.5712
L 322.8897 -5.5712 331.4460 -0.3199
L 331.4460 -0.3199 335.4141 -1.3873
L 335.4141 -1.3873 337.2080 -0.0200
L 337.2080 -0.0200 338.8391 -0.1175
L 338.8391 -0.1175 343.1536 -7.5796
L 343.1536 -7.5796 349.4759 -9.1825
L 349.4759 -9.1825 347.3617 -21.1724
L 322.8897 -5.5712 331.6093 -13.8697
L 331.4460 -0.3199 334.2085 -7.7833
L 337.2080 -0.0200 336.3193 1.3774
L 350.7426 -20.1006 349.4759 -9.1825
L 349.4759 -9.1825 355.4409 -17.8165
L 296.5649 10.6133 297.6958 8.8683
L 297.6958 8.8683 298.8283 6.4068
L 298.8283 6.4068 302.8262 -0.8215
L 302.8262 -0.8215 298.1182 1.0057
L 298.1182 1.0057 291.3746 3.1148
L 291.3746 3.1148 286.3525 13.8635
L 286.3525 13.8635 297.6958 8.8683
L 297.6958 8.8683 291.3746 3.1148
L 291.3746 3.1148 286.5622 -4.8826
L 261.3486 -56.3777 262.7746 -60.6838
L 262.7746 -60.6838 252.4465 -59.0414
L 252.4465 -59.0414 254.6550 -55.9901
L 254.6550 -55.9901 254.8960 -53.1604
L 254.8960 -53.1604 262.9604 -49.8761
L 262.9604 -49.8761 261.3250 -55.5299
L 42.4960 27.2605 31.7934 23.4624
L 31.7934 23.4624 28.6600 20.8080
L 28.6600 20.8080 28.3826 19.2939
L 89.8822 44.9474 79.1723 45.9980
L 79.1723 45.9980 76.6287 41.2345
L 76.6287 41.2345 74.2484 33.1661
L 74.2484 33.1661 81.5730 28.6075
L 81.5730 28.6075 89.9303 37.2126
L 89.9303 37.2126 89.8822 44.9474
L 89.8822 44.9474 89.8818 54.2847
L 89.8818 54.2847 79.1723 45.9980
L 79.1723 45.9980 75.4922 43.8233
L 75.4922 43.8233 75.6195 41.0758
L 206.8156 17.4569 208.6712 18.3977
L 208.6712 18.3977 213.9153 19.1824
L 213.9153 19.1824 217.9575 30.3714
L 217.9575 30.3714 218.0195 38.3083
L 218.0195 38.3083 225.4865 40.3906
L 225.4865 40.3906 228.8757 33.3148
L 228.8757 33.3148 221.2467 27.0742
L 221.2467 27.0742 213.9153 19.1824
L 213.9153 19.1824 220.2873 13.7283
L 218.0195 38.3083 214.0959 46.0883
L 214.0959 46.0883 213.3659 51.7879
L 213.3659 51.7879 216.2992 51.8507
L 216.2992 51.8507 214.0959 46.0883
L 67.7087 -44.9537 70.1405 -41.8638
L 70.1405 -41.8638 70.5145 -37.1443
L 70.5145 -37.1443 76.1017 -35.4830
L 74.3217 53.7521 75.8545 60.4422
L 75.8545 60.4422 73.5125 66.3427
L 73.5125 66.3427 57.5896 71.3323
L 57.5896 71.3323 57.3803 65.5260
L 57.3803 65.5260 52.2672 59.9403
L 73.5125 66.3427 94.7116 69.3198
L 94.7116 69.3198 105.0168 76.9774
L 134.6218 11.8577 131.1712 18.1543
L 131.1712 18.1543 130.8214 21.4685
L 130.8214 21.4685 131.6666 28.7651
L 131.1712 18.1543 124.1288 9.1855
L 194.0019 38.3149 188.4356 41.3575
L 95.6749 -17.9559 101.2872 -16.7161
L 101.2872 -16.7161 105.7561 -23.8333
L 105.7561 -23.8333 107.0979 -26.3932
L 107.0979 -26.3932 105.4298 -27.9348
L 105.4298 -27.9348 104.6565 -28.9721
L 104.6565 -28.9721 95.0783 -30.0634
L 111.0238 -29.3031 107.0979 -26.3932
L 101.2872 -16.7161 104.0343 -17.0542
L 104.0343 -17.0542 105.9396 -15.6333
L 105.9396 -15.6333 103.5475 -12.0386
L 103.5475 -12.0386 104.0343 -17.0542
L 114.8255 5.2250 111.7877 8.2893
L 304.4120 -12.5082 305.2528 -14.7814
L 305.2528 -14.7814 307.2151 -17.8137
L 307.2151 -17.8137 311.5239 -25.2709
L 311.5239 -25.2709 312.9554 -26.9191
L 312.9554 -26.9191 321.6668 -22.4113
L 321.6668 -22.4113 326.7602 -16.1273
L 326.7602 -16.1273 325.0227 -16.6623
L 325.0227 -16.6623 320.5617 -16.8345
L 320.5617 -16.8345 316.4868 -17.2329
L 316.4868 -17.2329 304.4120 -12.5082
L 99.4403 -43.1959 95.9880 -52.6957
L 95.9880 -52.6957 138.2999 -69.7172
L 138.2999 -69.7172 153.4342 -70.0379
L 153.4342 -70.0379 160.7392 -64.3945
L 160.7392 -64.3945 158.0061 -61.6853
L 158.0061 -61.6853 154.2707 -61.3323
L 154.2707 -61.3323 139.2725 -59.2752
L 139.2725 -59.2752 125.6285 -59.5095
L 125.6285 -59.5095 119.1946 -52.9824
L 119.1946 -52.9824 122.3831 -47.3366
L 122.3831 -47.3366 131.1759 -54.7088
L 131.1759 -54.7088 139.2725 -59.2752
L 160.7392 -64.3945 166.6351 -62.4241
L 166.6351 -62.4241 167.1417 -61.9472
L 167.1417 -61.9472 168.1501 -60.3176
L 168.1501 -60.3176 167.1475 -58.9750
L 167.1475 -58.9750 163.3736 -58.8532
L 163.3736 -58.8532 158.0061 -61.6853
L 28.5989 63.6701 21.4540 60.2353
L 21.4540 60.2353 14.1772 60.7167
L 14.1772 60.7167 10.1268 56.5373
L 10.1268 56.5373 2.2945 59.1498
L 170.2517 -54.4910 182.0896 -50.7224
L 182.0896 -50.7224 187.0099 -50.2306
L 187.0099 -50.2306 190.3793 -48.9599
L 190.3793 -48.9599 204.9719 -53.4664
L 204.9719 -53.4664 208.8849 -47.2884
L 208.8849 -47.2884 207.4041 -42.4737
L 207.4041 -42.4737 207.3762 -41.6877
L 207.3762 -41.6877 211.6706 -36.3700
L 211.6706 -36.3700 218.8768 -42.1578
L 218.8768 -42.1578 224.7904 -42.1042
L 207.3762 -41.6877 200.1492 -36.7123
L 219.8962 -60.8372 204.9719 -53.4664
L 204.9719 -53.4664 210.9559 -60.3730
L 187.0099 -50.2306 182.9130 -52.3685
L 182.9130 -52.3685 172.9420 -59.4421
L 307.3954 62.9941 311.3224 61.8388
L 311.3224 61.8388 319.6449 62.5856
L 319.6449 62.5856 325.8769 58.7800
L 325.8769 58.7800 333.7591 57.0436
L 333.7591 57.0436 332.7137 58.2013
L 332.7137 58.2013 337.2928 58.4152
L 337.2928 58.4152 342.4201 66.2004
L 342.4201 66.2004 354.8369 77.6323
L 354.8369 77.6323 322.1650 70.5607
L 322.1650 70.5607 319.6449 62.5856
L 322.1650 70.5607 342.4201 66.2004
L 40.8252 3.2358 38.9686 5.5932
L 38.9686 5.5932 37.0398 8.4601
L 37.0398 8.4601 41.2356 10.1141
L 41.2356 10.1141 44.9288 8.9074
L 44.9288 8.9074 45.5699 4.0897
L 45.5699 4.0897 40.8252 3.2358
L 40.8252 3.2358 39.8707 0.3285
L 39.8707 0.3285 34.8366 -2.9776
L 34.8366 -2.9776 27.8651 -10.3350
L 27.8651 -10.3350 26.0170 -15.9375
L 26.0170 -15.9375 10.8974 -17.9866
L 10.8974 -17.9866 4.8570 -8.8239
L 4.8570 -8.8239 17.1475 -10.1823
L 17.1475 -10.1823 21.0059 -8.1833
L 21.0059 -8.1833 27.8651 -10.3350
L 124.6315 -76.9197 158.8671 -78.6078
L 158.8671 -78.6078 161.3180 -80.4696
L 161.3180 -80.4696 184.5868 -79.3122
L 184.5868 -79.3122 179.9066 -78.2218
L 179.9066 -78.2218 158.8671 -78.6078
L 229.3785 -58.8012 220.6267 -64.9751
L 220.6267 -64.9751 230.8444 -59.3208
L 95.5285 -33.4364 87.7400 -35.7683
L 87.7400 -35.7683 84.9122 -34.0741
L 84.9122 -34.0741 82.8031 -35.4705
L 87.7400 -35.7683 89.7867 -42.8151
L 197.4970 17.5294 197.9683 27.8782
L 197.9683 27.8782 186.7345 28.2684
L 284.6807 -37.1074 286.6046 -37.0634
L 286.6046 -37.0634 287.3681 -37.9045
L 287.3681 -37.9045 287.5073 -39.3408
L 287.5073 -39.3408 287.0874 -40.4967
L 287.0874 -40.4967 285.7787 -42.0951
L 285.7787 -42.0951 282.3958 -43.4341
L 282.3958 -43.4341 278.3758 -42.3125
L 233.2324 31.3591 231.9572 29.1057
L 231.9572 29.1057 233.6720 26.7147
L 233.6720 26.7147 235.6857 26.2956
L 235.6857 26.2956 237.3985 26.0684
L 237.3985 26.0684 239.3969 26.8779
L 239.3969 26.8779 240.3607 29.8511
L 182.1034 -24.7289 182.5312 -22.6198
L 182.5312 -22.6198 183.9515 -17.5419
L 183.9515 -17.5419 187.4661 -16.5154
L 187.4661 -16.5154 188.5968 -23.3968
L 188.5968 -23.3968 182.5312 -22.6198
L 174.1705 -9.8022 171.1525 -10.8593
L 171.1525 -10.8593 169.8352 -14.7785
L 169.8352 -14.7785 164.9436 -18.2988
L 164.9436 -18.2988 167.9145 -22.8258
L 167.9145 -22.8258 170.8412 -18.7800
L 170.8412 -18.7800 171.2205 -17.6840
L 171.2205 -17.6840 176.1907 -18.3507
L 176.1907 -18.3507 179.0040 -17.1508
L 169.8352 -14.7785 171.2205 -17.6840
L 191.9303 -59.6888 183.7863 -58.7489
L 186.6496 -63.0991 187.7915 -57.1132
L 318.2341 30.2269 311.5528 33.9703
L 311.5528 33.9703 305.5571 40.2567
L 305.5571 40.2567 296.2437 45.1308
L 296.2437 45.1308 292.4265 51.7298
L 292.4265 51.7298 289.2757 53.3685
L 310.3580 45.2803 305.5571 40.2567
L 305.5571 40.2567 299.0765 35.0834
L 299.0765 35.0834 292.6803 27.9597
L 308.3032 11.3033 309.3873 14.5951
L 309.3873 14.5951 309.9095 15.9121
L 309.9095 15.9121 311.6619 16.1241
L 311.6619 16.1241 310.8647 15.0746
L 310.8647 15.0746 309.3873 14.5951
L 64.0066 -51.4866 68.4991 -55.0450
L 68.4991 -55.0450 83.4063 -62.4898
L 83.4063 -62.4898 86.1932 -65.7355
L 86.1932 -65.7355 88.5252 -63.0896
L 88.5252 -63.0896 83.4063 -62.4898
L 83.4063 -62.4898 76.3777 -57.4727
L 76.3777 -57.4727 68.4991 -55.0450
L 268.3822 56.8726 269.1515 51.4889
L 269.1515 51.4889 262.6082 52.3014
L 262.6082 52.3014 263.0668 55.1730
L 263.0668 55.1730 268.3822 56.8726
L 268.3822 56.8726 288.1388 67.6615
L 288.1388 67.6615 275.1893 71.3378
L 275.1893 71.3378 257.1966 65.7147
L 257.1966 65.7147 245.9979 61.5142
L 245.9979 61.5142 240.4723 58.5653
L 240.4723 58.5653 231.2324 58.9661
L 231.2324 58.9661 211.0973 64.3759
L 211.0973 64.3759 188.3706 69.7882
L 188.3706 69.7882 172.8509 69.3311
L 275.1893 71.3378 275.2641 72.7328
L 288.1388 67.6615 297.0431 70.2679
L 318.9560 5.2478 318.6201 10.0070
L 318.6201 10.0070 317.5854 10.1316
L 76.9624 -5.0864 71.3756 -3.2547
L 71.3756 -3.2547 69.0798 -3.3525
L 69.0798 -3.3525 62.9664 -6.8376
L 62.9664 -6.8376 59.5074 -13.5085
L 59.5074 -13.5085 56.5356 -12.1016
L 56.5356 -12.1016 55.8121 -9.7634
L 55.8121 -9.7634 53.2327 -9.4583
L 53.2327 -9.4583 44.1069 -8.8981
L 44.1069 -8.8981 41.0306 -13.8587
L 41.0306 -13.8587 41.2758 -18.5726
L 41.2758 -18.5726 45.5979 -23.6245
L 45.5979 -23.6245 49.8792 -21.7579
L 49.8792 -21.7579 53.4470 -21.6329
L 53.4470 -21.6329 56.7120 -23.2497
L 56.7120 -23.2497 68.8877 -30.5623
L 68.8877 -30.5623 66.0092 -34.0168
L 66.0092 -34.0168 64.4736 -33.7983
L 64.4736 -33.7983 57.3635 -36.2003
L 57.3635 -36.2003 54.2737 -40.2745
L 54.2737 -40.2745 49.9819 -43.0698
L 49.9819 -43.0698 44.5653 -40.3047
L 44.5653 -40.3047 40.1668 -39.8554
L 40.1668 -39.8554 36.7463 -47.7038
L 36.7463 -47.7038 34.1274 -51.5122
L 34.1274 -51.5122 28.9895 -51.6089
L 28.9895 -51.6089 24.4285 -57.2368
L 48.0189 -28.9876 42.2726 -32.4059
L 42.2726 -32.4059 31.1227 -29.2968
L 93.7194 22.5068 95.7401 22.5136
L 95.7401 22.5136 100.9830 25.1311
L 100.9830 25.1311 107.7849 30.2452
L 107.7849 30.2452 113.6494 31.8883
L 113.6494 31.8883 116.3290 28.0262
L 116.3290 28.0262 113.9806 26.8957
L 113.9806 26.8957 110.0307 21.9823
L 110.0307 21.9823 106.0272 20.5703
L 106.0272 20.5703 99.4279 16.3993
L 99.4279 16.3993 101.3224 12.8956
L 110.0307 21.9823 109.5232 16.5404
L 345.2200 -52.7541 342.1387 -51.3169
L 342.1387 -51.3169 340.6669 -46.8846
L 340.6669 -46.8846 337.4393 -43.7492
L 337.4393 -43.7492 332.0583 -46.9610
L 332.0583 -46.9610 340.6669 -46.8846
L 337.3174 -43.4956 333.9038 -41.3467
L 333.9038 -41.3467 331.5287 -39.5434
L 331.5287 -39.5434 328.4822 -37.3649
L 245.4801 19.1531 247.5550 21.4896
L 247.5550 21.4896 250.3215 31.6027
L 250.3215 31.6027 250.7240 38.9223
L 250.7240 38.9223 248.5258 42.4370
L 248.5258 42.4370 244.9352 46.3134
L 244.9352 46.3134 242.1924 44.9349
L 242.1924 44.9349 238.1689 42.4515
L 250.3215 31.6027 255.0724 30.9264
L 250.7240 38.9223 258.7618 36.8092
L 269.0633 37.2505 260.9206 37.1459
L 260.9206 37.1459 258.7618 36.8092
L 258.7618 36.8092 255.0724 30.9264
L 255.0724 30.9264 258.7580 24.8392
L 258.7580 24.8392 266.6147 27.7207
L 266.6147 27.7207 269.4412 29.2479
L 269.4412 29.2479 271.8856 28.7625
L 258.6619 14.3903 247.5550 21.4896
L 63.5005 -42.2944 40.6394 -50.8003
L 40.6394 -50.8003 39.3515 -52.5431
L 39.3515 -52.5431 40.1651 -54.5499
L 40.1651 -54.5499 45.9034 -59.7378
L 45.9034 -59.7378 44.6992 -64.0713
L 131.6938 6.4188 132.1082 5.8378
L 132.1082 5.8378 130.8061 3.3987
L 130.8061 3.3987 129.6893 3.3414
L 129.6893 3.3414 129.4140 5.7038
L 129.4140 5.7038 131.6938 6.4188
L 131.6938 6.4188 133.8484 5.9456
L 133.8484 5.9456 138.5911 2.3143
L 138.5911 2.3143 144.9640 -1.1428
L 144.9640 -1.1428 141.8968 -8.6586
L 141.8968 -8.6586 147.8696 -14.8466
L 147.8696 -14.8466 152.6470 -12.3541
L 152.6470 -12.3541 156.5226 -16.8363
L 156.5226 -16.8363 162.4062 -16.1936
L 162.4062 -16.1936 173.2505 -31.8576
L 173.2505 -31.8576 178.2272 -33.9081
L 178.2272 -33.9081 199.7304 -23.1715
L 199.7304 -23.1715 211.5929 -26.6824
L 211.5929 -26.6824 222.5721 -27.9604
L 6.4378 -77.2542 56.8098 -74.2390
L 56.8098 -74.2390 39.8973 -68.2669
L 39.8973 -68.2669 35.4373 -68.6594
L 35.4373 -68.6594 28.7339 -67.6473
L 28.7339 -67.6473 29.6925 -61.5699
L 309.3918 -47.2915 311.0097 -51.9210
L 311.0097 -51.9210 313.7025 -58.4542
L 313.7025 -58.4542 329.4795 -54.9926
L 329.4795 -54.9926 319.9666 -53.4494
L 319.9666 -53.4494 309.3918 -47.2915
L 335.8901 52.2290 337.8229 50.2825
L 337.8229 50.2825 337.3826 47.7069
L 337.3826 47.7069 335.2564 46.5366
L 335.2564 46.5366 337.6219 43.1234
L 337.6219 43.1234 340.1286 44.2763
L 340.1286 44.2763 337.3826 47.7069
L 337.3826 47.7069 336.1291 49.4764
L 336.1291 49.4764 335.8901 52.2290
L 337.6219 43.1234 333.4697 39.7149
L 333.4697 39.7149 333.9924 37.7487
L 152.0930 11.9672 151.8331 16.7627
L 151.8331 16.7627 154.9931 19.8415
L 154.9931 19.8415 168.5271 20.5237
L 168.5271 20.5237 177.2649 14.5721
L 177.2649 14.5721 168.5600 15.4296
L 168.5600 15.4296 152.0930 11.9672
L 154.9931 19.8415 154.1726 23.4173
L 154.1726 23.4173 148.1909 26.0070
L 148.1909 26.0070 146.4628 23.7743
L 151.8573 35.2447 156.4784 33.7961
L 156.4784 33.7961 163.3279 34.2149
L 163.3279 34.2149 156.9708 36.7072
L 156.9708 36.7072 151.8573 35.2447
L 151.8573 35.2447 143.5558 36.3976
L 91.5388 -14.9353 89.1012 -14.1677
L 89.1012 -14.1677 86.7389 -14.8220
L 86.7389 -14.8220 83.1826 -17.8223
L 83.1826 -17.8223 78.2329 -16.2055
L 78.2329 -16.2055 76.3653 -22.3710
L 76.3653 -22.3710 82.0613 -20.7594
L 82.0613 -20.7594 86.1158 -22.4484
L 86.1158 -22.4484 87.8304 -20.8791
L 78.3078 -12.9413 78.2329 -16.2055
L 78.2329 -16.2055 79.8939 -13.1768
L 226.0176 -25.2820 222.7196 -16.0418
L 222.7196 -16.0418 229.2517 -9.3829
L 229.2517 -9.3829 233.8816 -14.7895
L 233.8816 -14.7895 234.2560 -28.1351
L 234.2560 -28.1351 234.6640 -29.7778
L 222.7196 -16.0418 233.8816 -14.7895
L 237.7397 -33.6272 234.9416 -34.4119
L 234.9416 -34.4119 230.4515 -36.2614
L 230.4515 -36.2614 230.3430 -40.6475
L 230.3430 -40.6475 224.6330 -43.1340
L 224.6330 -43.1340 220.4823 -47.3882
L 220.4823 -47.3882 228.0712 -52.0992
L 228.0712 -52.0992 229.6334 -47.8753
L 229.6334 -47.8753 230.6703 -44.6896
L 230.6703 -44.6896 233.7852 -41.1668
L 233.7852 -41.1668 240.0305 -38.3967
L 240.0305 -38.3967 241.6481 -36.8023
L 230.3430 -40.6475 233.7852 -41.1668
L 94.9058 59.0110 104.3192 58.4228
L 104.3192 58.4228 111.6785 49.2115
L 111.6785 49.2115 125.7088 43.1881
L 125.7088 43.1881 135.1599 41.7829
L 135.1599 41.7829 139.7110 36.8026
L 139.7110 36.8026 140.2638 34.3926
L 281.1932 37.6051 281.0949 39.6127
L 281.0949 39.6127 279.2347 38.7837
L 279.2347 38.7837 281.1932 37.6051
L 281.1932 37.6051 283.6262 36.8986
L 283.6262 36.8986 284.7359 32.6896
L 284.7359 32.6896 282.5200 33.3627
L 282.5200 33.3627 281.1932 37.6051
L 92.5603 -74.7530 82.9709 -76.3410
L 82.9709 -76.3410 73.7967 -74.9369
L 73.7967 -74.9369 75.6792 -71.3143
L 312.4920 -33.7797 312.1214 -43.9885
L 312.1214 -43.9885 320.1902 -40.8095
L 320.1902 -40.8095 319.4845 -32.1725
L 319.4845 -32.1725 315.3228 -32.2578
L 315.3228 -32.2578 312.4920 -33.7797
L 115.3118 -9.5511 122.1485 -2.9838
L 122.1485 -2.9838 107.9661 -0.4928
L 107.9661 -0.4928 97.2045 -7.0331
L 97.2045 -7.0331 93.7139 -6.2748
L 107.9661 -0.4928 101.9652 2.4122
L 101.9652 2.4122 95.9420 4.5929
L 95.9420 4.5929 98.2259 7.3330
L 98.2259 7.3330 100.2444 9.8958
L 176.4017 -66.7288 184.3928 -67.9607
L 184.3928 -67.9607 189.2959 -69.1356
L 189.2959 -69.1356 191.5700 -68.1081
L 191.5700 -68.1081 195.5678 -71.5489
L 195.5678 -71.5489 188.1167 -72.1330
L 188.1167 -72.1330 189.2959 -69.1356
L 241.6227 -45.1732 246.7960 -47.5548
L 246.7960 -47.5548 244.9601 -50.1555
L 244.9601 -50.1555 240.8037 -49.2297
L 240.8037 -49.2297 241.6227 -45.1732
L 216.7301 -83.6679 341.5146 -81.3816
L 341.5146 -81.3816 325.3694 -77.3900
L 325.3694 -77.3900 216.7301 -83.6679
L 269.7566 -9.7736 266.9732 2.7073
L 266.9732 2.7073 265.8681 4.5673
L 265.8681 4.5673 263.7336 12.5600
L 263.7336 12.5600 254.4171 9.3750
L 254.4171 9.3750 247.7284 1.9839
L 247.7284 1.9839 243.5864 -3.6943
L 243.5864 -3.6943 244.5804 -4.6925
L 244.5804 -4.6925 249.2897 -10.5671
L 249.2897 -10.5671 257.5945 -15.7249
L 254.4171 9.3750 249.2897 -10.5671
L 249.2897 -10.5671 247.7849 -16.6127
L 247.7849 -16.6127 246.7560 -18.4563
L 246.7560 -18.4563 246.0258 -20.0373
L 246.0258 -20.0373 246.3963 -23.4472
L 265.8681 4.5673 257.5945 -15.7249
L 257.5945 -15.7249 260.5024 -24.9995
L 260.5024 -24.9995 261.8386 -29.8670
L 91.8930 14.7685 88.5958 20.2762
L 88.5958 20.2762 90.9799 20.1385
L 90.9799 20.1385 92.9850 14.2088
L 92.9850 14.2088 90.5958 9.6473
L 90.5958 9.6473 88.7929 7.4071
L 88.7929 7.4071 81.2828 6.3497
L 81.2828 6.3497 73.7239 10.1508
L 74.6371 1.7140 73.5629 2.4407
L 73.5629 2.4407 72.8015 5.6051
L 72.8015 5.6051 72.4600 6.9613
L 72.4600 6.9613 72.6530 8.9002
L 72.6530 8.9002 73.7239 10.1508
L 73.7239 10.1508 74.0928 13.5145
L 74.0928 13.5145 76.1423 15.4041
L 76.1423 15.4041 77.4248 15.5972
L 78.6345 -8.2016 81.1192 -2.3971
L 81.1192 -2.3971 83.0017 -0.2991
L 83.0017 -0.2991 81.2828 6.3497
L 81.2828 6.3497 83.7845 9.9342
L 83.7845 9.9342 88.7929 7.4071
L 88.7929 7.4071 85.1897 -1.9426
L 85.1897 -1.9426 86.9391 -9.6696
L 85.1897 -1.9426 84.0534 -1.2019
L 84.0534 -1.2019 83.0017 -0.2991
L 306.4119 -56.7351 311.2396 -66.2032
L 311.2396 -66.2032 302.1817 -66.1821
L 302.1817 -66.1821 283.0543 -62.1876
L 283.0543 -62.1876 275.8068 -61.4939
L 275.8068 -61.4939 272.1451 -63.6686
L 272.1451 -63.6686 266.4333 -64.7239
L 266.4333 -64.7239 280.7589 -71.4281
L 280.7589 -71.4281 300.1481 -72.9105
L 300.1481 -72.9105 311.2396 -66.2032
L 311.2396 -66.2032 321.6109 -65.3662
L 332.4969 33.1782 340.7506 30.2212
L 340.7506 30.2212 345.9436 28.0828
L 345.9436 28.0828 2.0969 29.0904
L 2.0969 29.0904 3.3090 15.1836
L 3.3090 15.1836 346.1902 15.2053
L 346.1902 15.2053 341.6733 12.1729
L 341.6733 12.1729 340.3655 10.8314
L 340.3655 10.8314 332.5499 6.1979
L 332.5499 6.1979 326.0465 9.8750
L 346.1902 15.2053 345.9436 28.0828
L 345.9436 28.0828 342.5008 24.6016
L 342.5008 24.6016 341.6328 23.5657
L 341.6328 23.5657 331.7528 25.3451
L 331.7528 25.3451 326.1614 25.6450
L 56.0797 32.2882 58.5330 31.8836
L 58.5330 31.8836 59.7413 35.7910
L 59.7413 35.7910 59.4635 40.0102
L 59.4635 40.0102 56.2985 42.5785
L 56.2985 42.5785 55.7313 47.7876
L 55.7313 47.7876 54.1224 48.1926
L 54.1224 48.1926 51.0807 49.8612
L 51.0807 49.8612 46.1991 53.5064
L 46.1991 53.5064 42.6742 55.8955
L 42.6742 55.8955 43.5644 52.7625
L 43.5644 52.7625 47.2667 49.6133
L 47.2667 49.6133 47.3740 44.8575
L 47.3740 44.8575 47.0422 40.9556
L 47.0422 40.9556 47.8224 39.6116
L 47.8224 39.6116 46.2941 38.8403
L 46.2941 38.8403 44.6903 39.6627
L 44.6903 39.6627 44.9162 41.0329
L 44.9162 41.0329 47.0422 40.9556
L 61.6460 50.3513 63.7244 48.4093
L 63.7244 48.4093 62.1654 47.7125
L 62.1654 47.7125 55.7313 47.7876
L 47.2667 49.6133 41.0499 49.2284
L 41.0499 49.2284 25.9152 50.6887
L 6.5710 -42.3060 16.5210 -46.7184
L 16.5210 -46.7184 22.0914 -43.3182
L 22.0914 -43.3182 22.8129 -49.0727
L 22.8129 -49.0727 17.0962 -55.2458
L 17.0962 -55.2458 16.5210 -46.7184
L 16.5210 -46.7184 2.3527 -45.7474
L 2.3527 -45.7474 6.5710 -42.3060
L 102.0477 -61.9414 87.4569 -56.1667
L 87.4569 -56.1667 86.8212 -51.0665
L 18.4373 24.5837 17.9152 30.0896
L 17.9152 30.0896 19.8666 27.2641
L 19.8666 27.2641 18.4373 24.5837
L 18.4373 24.5837 17.8634 21.0347
L 17.8634 21.0347 22.8709 15.3458
L 22.8709 15.3458 26.3485 9.1577
L 26.3485 9.1577 30.5118 2.7638
L 30.5118 2.7638 28.3890 3.1875
L 28.3890 3.1875 25.3579 5.4876
L 25.3579 5.4876 22.5463 6.1438
L 22.5463 6.1438 18.4329 7.5754
L 18.4329 7.5754 15.7359 7.8901
L 15.7359 7.8901 12.1706 7.5851
L 12.1706 7.5851 359.8279 6.8633
L 359.8279 6.8633 354.9877 5.6263
L 354.9877 5.6263 351.9921 6.3790
L 351.9921 6.3790 350.0858 5.3813
L 350.0858 5.3813 349.2914 3.2823
L 349.2914 3.2823 351.7331 1.2556
L 351.7331 1.2556 355.5117 1.7800
L 355.5117 1.7800 356.5980 3.4868
L 356.5980 3.4868 354.9877 5.6263
L 349.2914 3.2823 345.9692 3.8200
L 340.1639 -27.0436 344.4127 -29.6222
L 344.4127 -29.6222 343.9871 -32.5396
L 343.9871 -32.5396 343.1314 -32.8755
L 343.1314 -32.8755 337.8764 -32.3461
L 337.8764 -32.3461 332.0959 -32.9885
L 332.0959 -32.9885 326.2367 -33.0258
L 326.2367 -33.0258 326.9340 -30.8983
L 326.9340 -30.8983 332.0959 -32.9885
L 332.0959 -32.9885 340.1639 -27.0436
L 99.4403 -43.1959 109.2857 -37.0975
L 109.2857 -37.0975 113.8454 -28.3693
L 113.8454 -28.3693 114.7078 -26.8038
L 114.7078 -26.8038 117.3236 -24.8598
L 117.3236 -24.8598 119.2147 -22.8801
L 119.2147 -22.8801 121.8860 -24.3043
L 121.8860 -24.3043 120.8960 -40.0031
L 120.8960 -40.0031 122.3831 -47.3366
L 117.3236 -24.8598 117.0215 -25.9372
L 117.0215 -25.9372 115.9520 -28.9548
L 115.9520 -28.9548 113.8454 -28.3693
L 120.8960 -40.0031 130.0256 -35.3084
L 130.0256 -35.3084 130.8981 -33.1864
L 130.8981 -33.1864 132.6330 -27.7098
L 63.6062 -62.4739 64.1210 -59.3022
L 64.1210 -59.3022 59.6865 -61.4002
L 59.6865 -61.4002 56.0499 -64.8069
L 56.0499 -64.8069 63.6062 -62.4739
L 295.0241 18.0139 296.8469 18.5343
L 296.8469 18.5343 299.6893 19.4921
L 295.2622 17.4760 296.8469 18.5343
L 274.4068 -36.7617 276.0430 -34.3846
L 276.0430 -34.3846 275.2485 -29.8281
L 275.2485 -29.8281 276.9927 -25.4217
L 276.9927 -25.4217 273.4409 -21.0588
L 290.6596 -44.4590 290.9716 -40.6159
L 290.9716 -40.6159 285.6530 -29.8801
L 285.6530 -29.8801 281.4141 -26.9908
L 281.4141 -26.9908 276.9927 -25.4217
L 298.8154 -41.8683 299.9341 -35.2763
L 299.9341 -35.2763 298.9598 -26.2995
L 298.9598 -26.2995 294.1768 -24.8836
L 294.1768 -24.8836 291.3187 -24.5086
L 291.3187 -24.5086 288.8851 -25.2567
L 288.8851 -25.2567 283.8164 -26.2967
L 283.8164 -26.2967 281.4141 -26.9908
L 281.4141 -26.9908 275.2485 -29.8281
L 275.2485 -29.8281 271.4520 -30.4241
L 271.4520 -30.4241 276.0430 -34.3846
L 276.0430 -34.3846 285.6530 -29.8801
L 285.6530 -29.8801 286.7350 -27.6704
L 286.7350 -27.6704 283.8164 -26.2967
L 283.8164 -26.2967 286.1708 -21.7415
L 286.1708 -21.7415 287.4410 -21.0236
L 287.4410 -21.0236 289.4087 -18.9529
L 289.4087 -18.9529 290.4182 -17.8472
L 290.4182 -17.8472 290.4318 -15.9550
L 286.1708 -21.7415 284.4325 -21.1067
L 284.4325 -21.1067 283.5424 -22.7448
L 283.5424 -22.7448 283.8164 -26.2967
L 239.7130 -26.1141 240.0834 -22.6217
L 240.0834 -22.6217 241.3593 -19.8055
L 240.0834 -22.6217 245.2972 -25.5928
L 245.2972 -25.5928 247.3519 -26.4320
L 247.3519 -26.4320 248.9706 -28.2160
L 248.9706 -28.2160 252.5409 -34.2932
L 252.5409 -34.2932 252.9676 -38.0474
L 252.9676 -38.0474 253.6459 -42.3613
L 253.6459 -42.3613 258.0383 -43.2392
L 258.0383 -43.2392 264.3297 -42.9978
L 264.3297 -42.9978 266.8962 -40.1270
L 266.8962 -40.1270 265.6220 -39.0300
L 265.6220 -39.0300 263.4022 -37.1038
L 14.6515 -29.3574 357.2314 -28.1303
L 357.2314 -28.1303 349.7060 -32.5320
L 349.7060 -32.5320 353.2427 -37.8183
L 278.8018 -8.2441 281.7936 -4.7479
L 281.7936 -4.7479 280.5684 -9.0525
L 280.5684 -9.0525 277.2994 -14.5658
L 277.2994 -14.5658 278.8018 -8.2441
L 236.5469 15.4218 235.3877 19.6704
L 235.3877 19.6704 237.1849 18.1416
L 237.1849 18.1416 239.1133 15.6616
L 239.1133 15.6616 236.5469 15.4218
L 236.5469 15.4218 233.7006 10.5389
L 233.7006 10.5389 236.0670 6.4256
L 236.0670 6.4256 237.7040 4.4777
L 237.7040 4.4777 243.5864 -3.6943
L 257.5945 -15.7249 264.3967 -15.3986
L 264.3967 -15.3986 269.7566 -9.7736
L 269.7566 -9.7736 270.7705 -8.1803
L 270.7705 -8.1803 275.3275 -2.8988
L 275.3275 -2.8988 284.0549 4.2036
L 151.9845 -0.3716 148.1268 -8.1050
L 148.1268 -8.1050 157.3696 -2.7391
L 157.3696 -2.7391 157.5728 -0.6370
L 84.4112 21.1425 68.9802 16.5093
L 68.9802 16.5093 67.1656 15.8709
L 67.1656 15.8709 64.9483 15.6276
L 64.9483 15.6276 65.7337 17.5425
L 65.7337 17.5425 67.1542 19.1804
L 67.1542 19.1804 81.5730 28.6075
L 64.9483 15.6276 60.1701 12.4903
L 60.1701 12.4903 51.7923 9.7327
L 51.7923 9.7327 60.7891 5.9893
L 51.7923 9.7327 51.2033 9.0289
L 51.2033 9.0289 54.2183 0.4017
L 272.8073 -45.9544 276.7434 -45.9685
L 276.7434 -45.9685 277.2077 -49.0706
L 28.2704 29.5788 32.3859 34.9873
L 32.3859 34.9873 34.3286 33.8472
L 34.3286 33.8472 28.2704 29.5788
L 252.1662 -69.0277 238.7857 -63.4307
L 238.7857 -63.4307 229.7274 -68.6795
L 229.7274 -68.6795 252.1662 -69.0277
L 334.6254 -60.2596 349.3574 -58.2357
L 349.3574 -58.2357 7.8861 -62.9582
L 7.8861 -62.9582 5.0178 -64.8748
L 5.0178 -64.8748 359.9791 -65.5771
L 359.9791 -65.5771 336.8332 -64.9664
L 336.8332 -64.9664 334.6254 -60.2596
L 183.8565 57.0326 165.9320 61.7510
L 165.9320 61.7510 165.4603 56.3824
L 165.4603 56.3824 178.4577 53.6948
L 178.4577 53.6948 183.8565 57.0326
L 183.8565 57.0326 193.5073 55.9598
L 193.5073 55.9598 200.9814 54.9254
L 200.9814 54.9254 206.8852 49.3133
L 178.4577 53.6948 176.5126 47.7794
L 176.5126 47.7794 169.6197 33.0943
L 169.6197 33.0943 169.5468 31.5308
L 176.5126 47.7794 167.4159 44.4985
L 167.4159 44.4985 155.5823 41.4995
L 167.4159 44.4985 154.2741 42.9144
L 165.9320 61.7510 142.8821 63.0619
L 142.8821 63.0619 127.5661 60.7182
L 127.5661 60.7182 147.7473 59.0387
L 147.7473 59.0387 165.4603 56.3824
L 165.4603 56.3824 148.0265 54.0643
L 148.0265 54.0643 143.2143 51.6773
L 143.2143 51.6773 134.8019 48.0418
L 135.9064 47.1565 143.2143 51.6773
L 236.0147 77.7945 244.3762 75.7553
L 244.3762 75.7553 230.1821 71.8340
L 230.1821 71.8340 222.6764 74.1555
L 222.6764 74.1555 236.0147 77.7945
L 236.0147 77.7945 251.4927 82.0373
L 251.4927 82.0373 263.0542 86.5865
L 263.0542 86.5865 37.9545 89.2641
L 131.1759 -54.7088 140.5284 -55.0107
L 140.5284 -55.0107 149.2156 -54.5678
L 149.2156 -54.5678 161.6924 -49.4203
L 161.6924 -49.4203 153.6840 -42.1219
L 153.6840 -42.1219 142.6750 -40.4668
L 142.6750 -40.4668 136.9990 -43.4326
L 136.9990 -43.4326 122.3831 -47.3366
L 176.4648 6.5294 177.6738 1.7647
L 177.6738 1.7647 184.9765 -0.6668
L 184.9765 -0.6668 190.4152 -1.4494
L 190.4152 -1.4494 197.4875 -5.5390
L 197.4875 -5.5390 201.2982 -11.1613
L 201.2982 -11.1613 214.0036 -6.0005
L 214.0036 -6.0005 220.7651 -5.6582
L 195.5442 10.9592 193.9009 3.3975
L 193.9009 3.3975 190.4152 -1.4494
L 197.4875 -5.5390 203.6733 -0.5958
L 203.6733 -0.5958 210.4116 1.5445
L 210.4116 1.5445 221.5622 1.8929
L 135.6116 -66.3961 126.4341 -66.1369
L 126.4341 -66.1369 121.9825 -68.6171
L 121.9825 -68.6171 109.2076 -67.9572
L 109.2076 -67.9572 107.1869 -70.4989
L 107.1869 -70.4989 121.9825 -68.6171
L 121.9825 -68.6171 135.6116 -66.3961
L 289.0543 21.3904 292.1764 24.6649
L 292.1764 24.6649 298.3654 24.0796
L 298.3654 24.0796 300.2752 27.7536
L 300.2752 27.7536 303.9422 27.8142
N 0.7500 43.0000 Andromeda
N 156.0000 -36.0000 Air Pump
N 240.0000 -74.0000 Bird of Paradise
N 337.5000 -5.0000 Aquarius
N 291.0000 8.0000 Eagle
N 258.0000 -56.0000 Altar
N 42.0000 22.0000 Ram
N 82.5000 37.0000 Charioteer
N 223.5000 35.0000 Herdsman
N 73.5000 -42.0000 Graving tool
N 84.0000 72.0000 Giraffe
N 128.2500 27.0000 Crab
N 192.0000 43.0000 Hunting Dogs
N 97.5000 -26.0000 Great Dog
N 109.5000 5.0000 Little Dog
N 315.0000 -22.0000 Capricorn
N 144.0000 -66.0000 Keel
N 354.0000 55.5000 Cassiopeia
N 199.5000 -40.0000 Centaur
N 337.5000 71.0000 Cepheus
N 28.5000 -5.0000 Whale
N 189.0000 -81.0000 Chamaeleon
N 217.5000 -67.0000 Compass
N 85.5000 -39.0000 Dove
N 193.5000 24.0000 Berenice's Hair
N 282.0000 -40.0000 Southern Crown
N 238.5000 32.0000 Northern Crown
N 186.0000 -19.5000 Crow
N 174.7500 -15.0000 Cup
N 193.5000 -62.0000 Cross
N 307.5000 50.0000 Swan
N 309.0000 6.0000 Dolphin
N 76.5000 -64.0000 Goldfish
N 268.5000 64.0000 Dragon
N 320.2500 11.5000 Colt
N 52.5000 -18.0000 Eridanus
N 40.5000 -28.0000 Furnace
N 107.2500 23.5000 Twins
N 342.0000 -41.5000 Crane
N 253.5000 35.0000 Hercules
N 51.0000 -52.0000 Clock
N 150.0000 -22.0000 Sea Serpent
N 34.5000 -72.0000 Hydrus
N 318.0000 -55.5000 Indian
N 342.0000 47.0000 Lizard
N 159.0000 15.0000 Lion
N 157.5000 30.0000 Little Lion
N 88.5000 -25.0000 Hare
N 231.0000 -26.0000 Balance
N 228.7500 -35.0000 Wolf
N 121.5000 49.0000 Lynx
N 279.0000 30.0000 Lyre
N 82.5000 -80.0000 Mensa
N 316.5000 -37.0000 Microscope
N 114.7500 -6.0000 Unicorn
N 195.0000 -73.0000 Fly
N 243.0000 -52.0000 Level
N 300.0000 -80.0000 Octant
N 258.0000 3.0000 Ophiuchus
N 84.0000 13.0000 Orion
N 297.0000 -62.0000 Peacock
N 334.5000 16.0000 Pegasus
N 66.0000 45.0000 Perseus
N 16.5000 -43.0000 Phoenix
N 82.5000 -50.0000 Painter
N 19.5000 15.0000 Fishes
N 333.0000 -29.0000 Southern Fish
N 111.0000 -46.0000 Poop Deck
N 132.0000 -24.0000 Compass
N 55.5000 -61.0000 Net
N 291.0000 18.0000 Arrow
N 292.5000 -34.0000 Archer
N 249.0000 -38.0000 Scorpion
N 1.5000 -33.0000 Sculptor
N 282.0000 -12.5000 Shield
N 232.5000 5.0000 Serpent
N 280.5000 3.0000 Serpent
N 157.5000 -7.0000 Sextant
N 54.0000 15.0000 Bull
N 277.5000 -54.0000 Telescope
N 27.0000 34.0000 Triangle
N 240.0000 -67.5000 Southern Triangle
N 348.0000 -64.0000 Toucan
N 165.0000 48.0000 Big Dipper
N 226.5000 68.0000 Little Dipper
N 143.2500 -46.0000 Sails
N 199.5000 -4.0000 Virgin
N 111.0000 -73.0000 Flying Fish
N 295.5000 21.0000 Little Fox
